1000052470
1075615756
1139070134
1198859221
1227778144
1286386955
1418455195
1419249341
1554354066
1635646375
1648716963
1661452087
1722024211
1764885990
1871337875
1983547845
2067453365
5090254162
5272084778
5706800774
6063245334
6089069032
6307416168
6316498082
6515137684
6653048759
6709681666
6744906248
6785427558
6959287561
7023346068
7094410537
7128232309
7181482172
7289620545
7339867975
7390681388
7469817394
7493192713
7557840584
7558869496
7591281286
7604550913
7746244354
7808433682
8066463011
8200726352
8216921865
8298406364
8337409057
8348207560
8355198001
8377024784
8428865843
8429858536
8451080946